        2807   0.00000000       133375.000             -10         -10
        2808   0.00000000       135146.000             -10         -10
        2809   0.00000000       136899.000             -10         -10
        2810   0.00000000       138635.000             -10         -10
        2811   0.00000000       140355.000             -10         -10
        2812   0.00000000       142058.000             -10         -10
        2813   0.00000000       143746.000             -10         -10
        2814   0.00000000       145419.000             -10         -10
        2815   0.00000000       147077.000             -10         -10
        2816   0.00000000       148721.000             -10         -10
        2817   0.00000000       150351.000             -10         -10
        2818   0.00000000       151967.000             -10         -10
        2819   0.00000000       153571.000             -10         -10
        2820   0.00000000       155161.000             -10         -10
        2821   0.00000000       156739.000             -10         -10
        2822   0.00000000       158305.000             -10         -10
        2823   1.00000000       159859.000             -10         -10
        2824   2.00000000       161402.000             -10         -10
        2825   4.00000000       162933.000             -10         -10
        2826   6.00000000       164453.000             -10         -10
        2827   8.00000000       165963.000             -10         -10
        2828   10.0000000       167462.000             -10         -10
        2829   12.0000000       168951.000             -10         -10
        2830   14.0000000       170429.000             -10         -10
        2831   15.0000000       171898.000             -10         -10
        2832   16.0000000       173358.000             -10         -10
        2833   20.0000000       174807.000             -10         -10
        2834   25.0000000       176248.000             -10         -10
        2835   30.0000000       177680.000             -10         -10
        2836   45.0000000       179103.000             -10         -10
        2837   120.000000       180517.000             -10         -10
        2838   0.00000000       181923.000             -10         -10
        2839   0.00000000       183320.000             -10         -10
        2840   0.00000000       184709.000             -10         -10
        2841   0.00000000       186091.000             -10         -10
        2842   0.00000000       187464.000             -10         -10
        2843   0.00000000       188830.000             -10         -10
        2844   0.00000000       190188.000             -10         -10
        2845   0.00000000       127950.000              -5         -10
        2846   0.00000000       129777.000              -5         -10
        2847   0.00000000       131586.000              -5         -10
        2848   0.00000000       133375.000              -5         -10
        2849   0.00000000       135146.000              -5         -10
        2850   0.00000000       136899.000              -5         -10
        2851   0.00000000       138635.000              -5         -10
        2852   0.00000000       140355.000              -5         -10
        2853   0.00000000       142058.000              -5         -10
        2854   0.00000000       143746.000              -5         -10
        2855   0.00000000       145419.000              -5         -10
        2856   0.00000000       147077.000              -5         -10
        2857   0.00000000       148721.000              -5         -10
        2858   0.00000000       150351.000              -5         -10
        2859   0.00000000       151967.000              -5         -10
        2860   0.00000000       153571.000              -5         -10
        2861   0.00000000       155161.000              -5         -10
        2862   0.00000000       156739.000              -5         -10
        2863   0.00000000       158305.000              -5         -10
        2864   12.0000000       168951.000              -5         -10
        2865   14.0000000       170429.000              -5         -10
        2866   15.0000000       171898.000              -5         -10
        2867   16.0000000       173358.000              -5         -10
        2868   20.0000000       174807.000              -5         -10
        2869   25.0000000       176248.000              -5         -10
        2870   30.0000000       177680.000              -5         -10
        2871   45.0000000       179103.000              -5         -10
        2872   120.000000       180517.000              -5         -10
        2873   0.00000000       181923.000              -5         -10
        2874   0.00000000       183320.000              -5         -10
        2875   0.00000000       184709.000              -5         -10
        2876   0.00000000       186091.000              -5         -10
        2877   0.00000000       187464.000              -5         -10
        2878   0.00000000       188830.000              -5         -10
        2879   0.00000000       190188.000              -5         -10
        2880   0.00000000       127950.000               0         -10
        2881   0.00000000       129777.000               0         -10
        2882   0.00000000       131586.000               0         -10
        2883   0.00000000       133375.000               0         -10
        2884   0.00000000       135146.000               0         -10
        2885   0.00000000       136899.000               0         -10
        2886   0.00000000       138635.000               0         -10
        2887   0.00000000       140355.000               0         -10
        2888   0.00000000       142058.000               0         -10
        2889   0.00000000       143746.000               0         -10
        2890   0.00000000       145419.000               0         -10
        2891   0.00000000       147077.000               0         -10
        2892   0.00000000       148721.000               0         -10
        2893   0.00000000       150351.000               0         -10
        2894   0.00000000       151967.000               0         -10
        2895   16.0000000       173358.000               0         -10
        2896   20.0000000       174807.000               0         -10
        2897   25.0000000       176248.000               0         -10
        2898   30.0000000       177680.000               0         -10
        2899   45.0000000       179103.000               0         -10
        2900   120.000000       180517.000               0         -10
        2901   0.00000000       181923.000               0         -10
        2902   0.00000000       183320.000               0         -10
        2903   0.00000000       184709.000               0         -10
        2904   0.00000000       186091.000               0         -10
        2905   0.00000000       187464.000               0         -10
        2906   0.00000000       188830.000               0         -10
        2907   0.00000000       190188.000               0         -10
        2908   0.00000000       191539.000               0         -10
        2909   0.00000000       126102.000               5         -10
        2910   0.00000000       127950.000               5         -10
        2911   0.00000000       129777.000               5         -10
        2912   0.00000000       131586.000               5         -10
        2913   0.00000000       133375.000               5         -10
        2914   0.00000000       135146.000               5         -10
        2915   0.00000000       136899.000               5         -10
        2916   0.00000000       138635.000               5         -10
        2917   0.00000000       140355.000               5         -10
        2918   0.00000000       142058.000               5         -10
        2919   0.00000000       143746.000               5         -10
        2920   0.00000000       145419.000               5         -10
        2921   0.00000000       147077.000               5         -10
        2922   0.00000000       148721.000               5         -10
        2923   16.0000000       173358.000               5         -10
        2924   20.0000000       174807.000               5         -10
        2925   25.0000000       176248.000               5         -10
        2926   30.0000000       177680.000               5         -10
        2927   45.0000000       179103.000               5         -10
        2928   120.000000       180517.000               5         -10
        2929   0.00000000       181923.000               5         -10
        2930   0.00000000       183320.000               5         -10
        2931   0.00000000       184709.000               5         -10
        2932   0.00000000       186091.000               5         -10
        2933   0.00000000       187464.000               5         -10
        2934   0.00000000       188830.000               5         -10
        2935   0.00000000       190188.000               5         -10
        2936   0.00000000       191539.000               5         -10
        2937   0.00000000       124232.000              10         -10
        2938   0.00000000       126102.000              10         -10
        2939   0.00000000       127950.000              10         -10
        2940   0.00000000       129777.000              10         -10
        2941   0.00000000       131586.000              10         -10
        2942   0.00000000       133375.000              10         -10
        2943   0.00000000       135146.000              10         -10
        2944   0.00000000       136899.000              10         -10
        2945   0.00000000       138635.000              10         -10
        2946   0.00000000       140355.000              10         -10
        2947   0.00000000       142058.000              10         -10
        2948   0.00000000       143746.000              10         -10
        2949   0.00000000       145419.000              10         -10
        2950   0.00000000       147077.000              10         -10
        2951   16.0000000       173358.000              10         -10
        2952   20.0000000       174807.000              10         -10
        2953   25.0000000       176248.000              10         -10
        2954   30.0000000       177680.000              10         -10
        2955   45.0000000       179103.000              10         -10
        2956   120.000000       180517.000              10         -10
        2957   0.00000000       181923.000              10         -10
        2958   0.00000000       183320.000              10         -10
        2959   0.00000000       184709.000              10         -10
        2960   0.00000000       186091.000              10         -10
        2961   0.00000000       187464.000              10         -10
        2962   0.00000000       188830.000              10         -10
        2963   0.00000000       190188.000              10         -10
        2964   0.00000000       191539.000              10         -10
        2965   0.00000000       192882.000              10         -10
        3457   0.00000000       133375.000             -10          -5
        3458   0.00000000       135146.000             -10          -5
        3459   0.00000000       136899.000             -10          -5
        3460   0.00000000       138635.000             -10          -5
        3461   0.00000000       140355.000             -10          -5
        3462   0.00000000       142058.000             -10          -5
        3463   0.00000000       143746.000             -10          -5
        3464   0.00000000       145419.000             -10          -5
        3465   0.00000000       147077.000             -10          -5
        3466   0.00000000       148721.000             -10          -5
        3467   0.00000000       150351.000             -10          -5
        3468   0.00000000       151967.000             -10          -5
        3469   0.00000000       153571.000             -10          -5
        3470   0.00000000       155161.000             -10          -5
        3471   0.00000000       156739.000             -10          -5
        3472   0.00000000       158305.000             -10          -5
        3473   1.00000000       159859.000             -10          -5
        3474   2.00000000       161402.000             -10          -5
        3475   4.00000000       162933.000             -10          -5
        3476   6.00000000       164453.000             -10          -5
        3477   8.00000000       165963.000             -10          -5
        3478   10.0000000       167462.000             -10          -5
        3479   12.0000000       168951.000             -10          -5
        3480   14.0000000       170429.000             -10          -5
        3481   15.0000000       171898.000             -10          -5
        3482   16.0000000       173358.000             -10          -5
        3483   20.0000000       174807.000             -10          -5
        3484   25.0000000       176248.000             -10          -5
        3485   30.0000000       177680.000             -10          -5
        3486   45.0000000       179103.000             -10          -5
        3487   120.000000       180517.000             -10          -5
        3488   0.00000000       181923.000             -10          -5
        3489   0.00000000       183320.000             -10          -5
        3490   0.00000000       184709.000             -10          -5
        3491   0.00000000       186091.000             -10          -5
        3492   0.00000000       187464.000             -10          -5
        3493   0.00000000       188830.000             -10          -5
        3494   0.00000000       190188.000             -10          -5
        3495   0.00000000       191539.000             -10          -5
        3496   0.00000000       127950.000              -5          -5
        3497   0.00000000       129777.000              -5          -5
        3498   0.00000000       131586.000              -5          -5
        3499   0.00000000       133375.000              -5          -5
        3500   0.00000000       135146.000              -5          -5
        3501   0.00000000       136899.000              -5          -5
        3502   0.00000000       138635.000              -5          -5
        3503   0.00000000       140355.000              -5          -5
        3504   0.00000000       142058.000              -5          -5
        3505   0.00000000       143746.000              -5          -5
        3506   0.00000000       145419.000              -5          -5
        3507   0.00000000       147077.000              -5          -5
        3508   0.00000000       148721.000              -5          -5
        3509   0.00000000       150351.000              -5          -5
        3510   0.00000000       151967.000              -5          -5
        3511   0.00000000       153571.000              -5          -5
        3512   0.00000000       155161.000              -5          -5
        3513   0.00000000       156739.000              -5          -5
        3514   0.00000000       158305.000              -5          -5
        3515   1.00000000       159859.000              -5          -5
        3516   2.00000000       161402.000              -5          -5
        3517   4.00000000       162933.000              -5          -5
        3518   6.00000000       164453.000              -5          -5
        3519   8.00000000       165963.000              -5          -5
        3520   10.0000000       167462.000              -5          -5
        3521   12.0000000       168951.000              -5          -5
        3522   14.0000000       170429.000              -5          -5
        3523   15.0000000       171898.000              -5          -5
        3524   16.0000000       173358.000              -5          -5
        3525   20.0000000       174807.000              -5          -5
        3526   25.0000000       176248.000              -5          -5
        3527   30.0000000       177680.000              -5          -5
        3528   45.0000000       179103.000              -5          -5
        3529   120.000000       180517.000              -5          -5
        3530   0.00000000       181923.000              -5          -5
        3531   0.00000000       183320.000              -5          -5
        3532   0.00000000       184709.000              -5          -5
        3533   0.00000000       186091.000              -5          -5
        3534   0.00000000       187464.000              -5          -5
        3535   0.00000000       188830.000              -5          -5
        3536   0.00000000       190188.000              -5          -5
        3537   0.00000000       127950.000               0          -5
        3538   0.00000000       129777.000               0          -5
        3539   0.00000000       131586.000               0          -5
        3540   0.00000000       133375.000               0          -5
        3541   0.00000000       135146.000               0          -5
        3542   0.00000000       136899.000               0          -5
        3543   0.00000000       138635.000               0          -5
        3544   0.00000000       140355.000               0          -5
        3545   0.00000000       142058.000               0          -5
        3546   0.00000000       143746.000               0          -5
        3547   0.00000000       145419.000               0          -5
        3548   0.00000000       147077.000               0          -5
        3549   0.00000000       148721.000               0          -5
        3550   0.00000000       150351.000               0          -5
        3551   0.00000000       151967.000               0          -5
        3552   0.00000000       153571.000               0          -5
        3553   0.00000000       155161.000               0          -5
        3554   0.00000000       156739.000               0          -5
        3555   0.00000000       158305.000               0          -5
        3556   1.00000000       159859.000               0          -5
        3557   2.00000000       161402.000               0          -5
        3558   4.00000000       162933.000               0          -5
        3559   6.00000000       164453.000               0          -5
        3560   8.00000000       165963.000               0          -5
        3561   10.0000000       167462.000               0          -5
        3562   12.0000000       168951.000               0          -5
        3563   14.0000000       170429.000               0          -5
        3564   15.0000000       171898.000               0          -5
        3565   16.0000000       173358.000               0          -5
        3566   20.0000000       174807.000               0          -5
        3567   25.0000000       176248.000               0          -5
        3568   30.0000000       177680.000               0          -5
        3569   45.0000000       179103.000               0          -5
        3570   120.000000       180517.000               0          -5
        3571   0.00000000       181923.000               0          -5
        3572   0.00000000       183320.000               0          -5
        3573   0.00000000       184709.000               0          -5
        3574   0.00000000       186091.000               0          -5
        3575   0.00000000       187464.000               0          -5
        3576   0.00000000       188830.000               0          -5
        3577   0.00000000       190188.000               0          -5
        3578   0.00000000       127950.000               5          -5
        3579   0.00000000       129777.000               5          -5
        3580   0.00000000       131586.000               5          -5
        3581   0.00000000       133375.000               5          -5
        3582   0.00000000       135146.000               5          -5
        3583   0.00000000       136899.000               5          -5
        3584   0.00000000       138635.000               5          -5
        3585   0.00000000       140355.000               5          -5
        3586   0.00000000       142058.000               5          -5
        3587   0.00000000       143746.000               5          -5
        3588   0.00000000       145419.000               5          -5
        3589   0.00000000       147077.000               5          -5
        3590   0.00000000       148721.000               5          -5
        3591   0.00000000       150351.000               5          -5
        3592   0.00000000       151967.000               5          -5
        3593   0.00000000       153571.000               5          -5
        3594   0.00000000       155161.000               5          -5
        3595   0.00000000       156739.000               5          -5
        3596   0.00000000       158305.000               5          -5
        3597   1.00000000       159859.000               5          -5
        3598   2.00000000       161402.000               5          -5
        3599   15.0000000       171898.000               5          -5
        3600   16.0000000       173358.000               5          -5
        3601   20.0000000       174807.000               5          -5
        3602   25.0000000       176248.000               5          -5
        3603   30.0000000       177680.000               5          -5
        3604   45.0000000       179103.000               5          -5
        3605   120.000000       180517.000               5          -5
        3606   0.00000000       181923.000               5          -5
        3607   0.00000000       183320.000               5          -5
        3608   0.00000000       184709.000               5          -5
        3609   0.00000000       186091.000               5          -5
        3610   0.00000000       187464.000               5          -5
        3611   0.00000000       188830.000               5          -5
        3612   0.00000000       190188.000               5          -5
        3613   0.00000000       191539.000               5          -5
        3614   0.00000000       192882.000               5          -5
        3615   0.00000000       126102.000              10          -5
        3616   0.00000000       127950.000              10          -5
        3617   0.00000000       129777.000              10          -5
        3618   0.00000000       131586.000              10          -5
        3619   0.00000000       133375.000              10          -5
        3620   0.00000000       135146.000              10          -5
        3621   0.00000000       136899.000              10          -5
        3622   0.00000000       138635.000              10          -5
        3623   0.00000000       140355.000              10          -5
        3624   0.00000000       142058.000              10          -5
        3625   0.00000000       143746.000              10          -5
        3626   0.00000000       145419.000              10          -5
        3627   0.00000000       147077.000              10          -5
        3628   0.00000000       148721.000              10          -5
        3629   0.00000000       150351.000              10          -5
        3630   0.00000000       151967.000              10          -5
        3631   15.0000000       171898.000              10          -5
        3632   16.0000000       173358.000              10          -5
        3633   20.0000000       174807.000              10          -5
        3634   25.0000000       176248.000              10          -5
        3635   30.0000000       177680.000              10          -5
        3636   45.0000000       179103.000              10          -5
        3637   120.000000       180517.000              10          -5
        3638   0.00000000       181923.000              10          -5
        3639   0.00000000       183320.000              10          -5
        3640   0.00000000       184709.000              10          -5
        3641   0.00000000       186091.000              10          -5
        3642   0.00000000       187464.000              10          -5
        3643   0.00000000       188830.000              10          -5
        3644   0.00000000       190188.000              10          -5
        3645   0.00000000       191539.000              10          -5
        3646   0.00000000       192882.000              10          -5
        3647   0.00000000       194218.000              10          -5
        4121   0.00000000       131586.000             -10           0
        4122   0.00000000       133375.000             -10           0
        4123   0.00000000       135146.000             -10           0
        4124   0.00000000       136899.000             -10           0
        4125   0.00000000       138635.000             -10           0
        4126   0.00000000       140355.000             -10           0
        4127   0.00000000       142058.000             -10           0
        4128   0.00000000       143746.000             -10           0
        4129   0.00000000       145419.000             -10           0
        4130   0.00000000       147077.000             -10           0
        4131   0.00000000       148721.000             -10           0
        4132   0.00000000       150351.000             -10           0
        4133   0.00000000       151967.000             -10           0
        4134   0.00000000       153571.000             -10           0
        4135   0.00000000       155161.000             -10           0
        4136   0.00000000       156739.000             -10           0
        4137   0.00000000       158305.000             -10           0
        4138   1.00000000       159859.000             -10           0
        4139   2.00000000       161402.000             -10           0
        4140   4.00000000       162933.000             -10           0
        4141   6.00000000       164453.000             -10           0
        4142   8.00000000       165963.000             -10           0
        4143   10.0000000       167462.000             -10           0
        4144   12.0000000       168951.000             -10           0
        4145   14.0000000       170429.000             -10           0
        4146   15.0000000       171898.000             -10           0
        4147   16.0000000       173358.000             -10           0
        4148   20.0000000       174807.000             -10           0
        4149   25.0000000       176248.000             -10           0
        4150   30.0000000       177680.000             -10           0
        4151   45.0000000       179103.000             -10           0
        4152   120.000000       180517.000             -10           0
        4153   0.00000000       181923.000             -10           0
        4154   0.00000000       183320.000             -10           0
        4155   0.00000000       184709.000             -10           0
        4156   0.00000000       186091.000             -10           0
        4157   0.00000000       187464.000             -10           0
        4158   0.00000000       188830.000             -10           0
        4159   0.00000000       190188.000             -10           0
        4160   0.00000000       129777.000              -5           0
        4161   0.00000000       131586.000              -5           0
        4162   0.00000000       133375.000              -5           0
        4163   0.00000000       135146.000              -5           0
        4164   0.00000000       136899.000              -5           0
        4165   0.00000000       138635.000              -5           0
        4166   0.00000000       140355.000              -5           0
        4167   0.00000000       142058.000              -5           0
        4168   0.00000000       143746.000              -5           0
        4169   0.00000000       145419.000              -5           0
        4170   0.00000000       147077.000              -5           0
        4171   0.00000000       148721.000              -5           0
        4172   0.00000000       150351.000              -5           0
        4173   0.00000000       151967.000              -5           0
        4174   0.00000000       153571.000              -5           0
        4175   0.00000000       155161.000              -5           0
        4176   0.00000000       156739.000              -5           0
        4177   0.00000000       158305.000              -5           0
        4178   1.00000000       159859.000              -5           0
        4179   2.00000000       161402.000              -5           0
        4180   4.00000000       162933.000              -5           0
        4181   6.00000000       164453.000              -5           0
        4182   8.00000000       165963.000              -5           0
        4183   10.0000000       167462.000              -5           0
        4184   12.0000000       168951.000              -5           0
        4185   14.0000000       170429.000              -5           0
        4186   15.0000000       171898.000              -5           0
        4187   16.0000000       173358.000              -5           0
        4188   20.0000000       174807.000              -5           0
        4189   25.0000000       176248.000              -5           0
        4190   30.0000000       177680.000              -5           0
        4191   45.0000000       179103.000              -5           0
        4192   120.000000       180517.000              -5           0
        4193   0.00000000       181923.000              -5           0
        4194   0.00000000       183320.000              -5           0
        4195   0.00000000       184709.000              -5           0
        4196   0.00000000       186091.000              -5           0
        4197   0.00000000       187464.000              -5           0
        4198   0.00000000       188830.000              -5           0
        4199   0.00000000       190188.000              -5           0
        4200   0.00000000       191539.000              -5           0
        4201   0.00000000       129777.000               0           0
        4202   0.00000000       131586.000               0           0
        4203   0.00000000       133375.000               0           0
        4204   0.00000000       135146.000               0           0
        4205   0.00000000       136899.000               0           0
        4206   0.00000000       138635.000               0           0
        4207   0.00000000       140355.000               0           0
        4208   0.00000000       142058.000               0           0
        4209   0.00000000       143746.000               0           0
        4210   0.00000000       145419.000               0           0
        4211   0.00000000       147077.000               0           0
        4212   0.00000000       148721.000               0           0
        4213   0.00000000       150351.000               0           0
        4214   0.00000000       151967.000               0           0
        4215   0.00000000       153571.000               0           0
        4216   0.00000000       155161.000               0           0
        4217   0.00000000       156739.000               0           0
        4218   0.00000000       158305.000               0           0
        4219   1.00000000       159859.000               0           0
        4220   2.00000000       161402.000               0           0
        4221   4.00000000       162933.000               0           0
        4222   6.00000000       164453.000               0           0
        4223   8.00000000       165963.000               0           0
        4224   10.0000000       167462.000               0           0
        4225   12.0000000       168951.000               0           0
        4226   14.0000000       170429.000               0           0
        4227   15.0000000       171898.000               0           0
        4228   16.0000000       173358.000               0           0
        4229   20.0000000       174807.000               0           0
        4230   25.0000000       176248.000               0           0
        4231   30.0000000       177680.000               0           0
        4232   45.0000000       179103.000               0           0
        4233   120.000000       180517.000               0           0
        4234   0.00000000       181923.000               0           0
        4235   0.00000000       183320.000               0           0
        4236   0.00000000       184709.000               0           0
        4237   0.00000000       186091.000               0           0
        4238   0.00000000       187464.000               0           0
        4239   0.00000000       188830.000               0           0
        4240   0.00000000       190188.000               0           0
        4241   0.00000000       191539.000               0           0
        4242   0.00000000       127950.000               5           0
        4243   0.00000000       129777.000               5           0
        4244   0.00000000       131586.000               5           0
        4245   0.00000000       133375.000               5           0
        4246   0.00000000       135146.000               5           0
        4247   0.00000000       136899.000               5           0
        4248   0.00000000       138635.000               5           0
        4249   0.00000000       140355.000               5           0
        4250   0.00000000       142058.000               5           0
        4251   0.00000000       143746.000               5           0
        4252   0.00000000       145419.000               5           0
        4253   0.00000000       147077.000               5           0
        4254   0.00000000       148721.000               5           0
        4255   0.00000000       150351.000               5           0
        4256   0.00000000       151967.000               5           0
        4257   0.00000000       153571.000               5           0
        4258   0.00000000       155161.000               5           0
        4259   0.00000000       156739.000               5           0
        4260   0.00000000       158305.000               5           0
        4261   1.00000000       159859.000               5           0
        4262   2.00000000       161402.000               5           0
        4263   4.00000000       162933.000               5           0
        4264   6.00000000       164453.000               5           0
        4265   8.00000000       165963.000               5           0
        4266   10.0000000       167462.000               5           0
        4267   12.0000000       168951.000               5           0
        4268   14.0000000       170429.000               5           0
        4269   15.0000000       171898.000               5           0
        4270   16.0000000       173358.000               5           0
        4271   20.0000000       174807.000               5           0
        4272   25.0000000       176248.000               5           0
        4273   30.0000000       177680.000               5           0
        4274   45.0000000       179103.000               5           0
        4275   120.000000       180517.000               5           0
        4276   0.00000000       181923.000               5           0
        4277   0.00000000       183320.000               5           0
        4278   0.00000000       184709.000               5           0
        4279   0.00000000       186091.000               5           0
        4280   0.00000000       187464.000               5           0
        4281   0.00000000       188830.000               5           0
        4282   0.00000000       190188.000               5           0
        4283   0.00000000       191539.000               5           0
        4284   0.00000000       124232.000              10           0
        4285   0.00000000       126102.000              10           0
        4286   0.00000000       127950.000              10           0
        4287   0.00000000       129777.000              10           0
        4288   0.00000000       131586.000              10           0
        4289   0.00000000       133375.000              10           0
        4290   0.00000000       135146.000              10           0
        4291   0.00000000       136899.000              10           0
        4292   0.00000000       138635.000              10           0
        4293   0.00000000       140355.000              10           0
        4294   0.00000000       142058.000              10           0
        4295   0.00000000       143746.000              10           0
        4296   0.00000000       145419.000              10           0
        4297   0.00000000       147077.000              10           0
        4298   0.00000000       148721.000              10           0
        4299   0.00000000       150351.000              10           0
        4300   0.00000000       151967.000              10           0
        4301   14.0000000       170429.000              10           0
        4302   15.0000000       171898.000              10           0
        4303   16.0000000       173358.000              10           0
        4304   20.0000000       174807.000              10           0
        4305   25.0000000       176248.000              10           0
        4306   30.0000000       177680.000              10           0
        4307   45.0000000       179103.000              10           0
        4308   120.000000       180517.000              10           0
        4309   0.00000000       181923.000              10           0
        4310   0.00000000       183320.000              10           0
        4311   0.00000000       184709.000              10           0
        4312   0.00000000       186091.000              10           0
        4313   0.00000000       187464.000              10           0
        4314   0.00000000       188830.000              10           0
        4315   0.00000000       190188.000              10           0
        4316   0.00000000       191539.000              10           0
        4317   0.00000000       192882.000              10           0
        4782   0.00000000       129777.000             -10           5
        4783   0.00000000       131586.000             -10           5
        4784   0.00000000       133375.000             -10           5
        4785   0.00000000       135146.000             -10           5
        4786   0.00000000       136899.000             -10           5
        4787   0.00000000       138635.000             -10           5
        4788   0.00000000       140355.000             -10           5
        4789   0.00000000       142058.000             -10           5
        4790   0.00000000       143746.000             -10           5
        4791   0.00000000       145419.000             -10           5
        4792   0.00000000       147077.000             -10           5
        4793   0.00000000       148721.000             -10           5
        4794   0.00000000       150351.000             -10           5
        4795   0.00000000       151967.000             -10           5
        4796   0.00000000       153571.000             -10           5
        4797   0.00000000       155161.000             -10           5
        4798   0.00000000       156739.000             -10           5
        4799   0.00000000       158305.000             -10           5
        4800   1.00000000       159859.000             -10           5
        4801   2.00000000       161402.000             -10           5
        4802   4.00000000       162933.000             -10           5
        4803   6.00000000       164453.000             -10           5
        4804   8.00000000       165963.000             -10           5
        4805   10.0000000       167462.000             -10           5
        4806   12.0000000       168951.000             -10           5
        4807   14.0000000       170429.000             -10           5
        4808   15.0000000       171898.000             -10           5
        4809   16.0000000       173358.000             -10           5
        4810   20.0000000       174807.000             -10           5
        4811   25.0000000       176248.000             -10           5
        4812   30.0000000       177680.000             -10           5
        4813   45.0000000       179103.000             -10           5
        4814   120.000000       180517.000             -10           5
        4815   0.00000000       181923.000             -10           5
        4816   0.00000000       183320.000             -10           5
        4817   0.00000000       184709.000             -10           5
        4818   0.00000000       186091.000             -10           5
        4819   0.00000000       187464.000             -10           5
        4820   0.00000000       188830.000             -10           5
        4821   0.00000000       133375.000              -5           5
        4822   0.00000000       135146.000              -5           5
        4823   0.00000000       136899.000              -5           5
        4824   0.00000000       138635.000              -5           5
        4825   0.00000000       140355.000              -5           5
        4826   0.00000000       142058.000              -5           5
        4827   0.00000000       143746.000              -5           5
        4828   0.00000000       145419.000              -5           5
        4829   0.00000000       147077.000              -5           5
        4830   0.00000000       148721.000              -5           5
        4831   0.00000000       150351.000              -5           5
        4832   0.00000000       151967.000              -5           5
        4833   0.00000000       153571.000              -5           5
        4834   0.00000000       155161.000              -5           5
        4835   0.00000000       156739.000              -5           5
        4836   0.00000000       158305.000              -5           5
        4837   1.00000000       159859.000              -5           5
        4838   2.00000000       161402.000              -5           5
        4839   4.00000000       162933.000              -5           5
        4840   6.00000000       164453.000              -5           5
        4841   8.00000000       165963.000              -5           5
        4842   10.0000000       167462.000              -5           5
        4843   12.0000000       168951.000              -5           5
        4844   14.0000000       170429.000              -5           5
        4845   15.0000000       171898.000              -5           5
        4846   16.0000000       173358.000              -5           5
        4847   20.0000000       174807.000              -5           5
        4848   25.0000000       176248.000              -5           5
        4849   30.0000000       177680.000              -5           5
        4850   45.0000000       179103.000              -5           5
        4851   120.000000       180517.000              -5           5
        4852   0.00000000       181923.000              -5           5
        4853   0.00000000       183320.000              -5           5
        4854   0.00000000       184709.000              -5           5
        4855   0.00000000       186091.000              -5           5
        4856   0.00000000       187464.000              -5           5
        4857   0.00000000       188830.000              -5           5
        4858   0.00000000       190188.000              -5           5
        4859   0.00000000       191539.000              -5           5
        4860   0.00000000       129777.000               0           5
        4861   0.00000000       131586.000               0           5
        4862   0.00000000       133375.000               0           5
        4863   0.00000000       135146.000               0           5
        4864   0.00000000       136899.000               0           5
        4865   0.00000000       138635.000               0           5
        4866   0.00000000       140355.000               0           5
        4867   0.00000000       142058.000               0           5
        4868   0.00000000       143746.000               0           5
        4869   0.00000000       145419.000               0           5
        4870   0.00000000       147077.000               0           5
        4871   0.00000000       148721.000               0           5
        4872   0.00000000       150351.000               0           5
        4873   0.00000000       151967.000               0           5
        4874   0.00000000       153571.000               0           5
        4875   0.00000000       155161.000               0           5
        4876   0.00000000       156739.000               0           5
        4877   0.00000000       158305.000               0           5
        4878   1.00000000       159859.000               0           5
        4879   2.00000000       161402.000               0           5
        4880   4.00000000       162933.000               0           5
        4881   6.00000000       164453.000               0           5
        4882   8.00000000       165963.000               0           5
        4883   10.0000000       167462.000               0           5
        4884   12.0000000       168951.000               0           5
        4885   14.0000000       170429.000               0           5
        4886   15.0000000       171898.000               0           5
        4887   16.0000000       173358.000               0           5
        4888   20.0000000       174807.000               0           5
        4889   25.0000000       176248.000               0           5
        4890   30.0000000       177680.000               0           5
        4891   45.0000000       179103.000               0           5
        4892   120.000000       180517.000               0           5
        4893   0.00000000       181923.000               0           5
        4894   0.00000000       183320.000               0           5
        4895   0.00000000       184709.000               0           5
        4896   0.00000000       186091.000               0           5
        4897   0.00000000       187464.000               0           5
        4898   0.00000000       188830.000               0           5
        4899   0.00000000       190188.000               0           5
        4900   0.00000000       191539.000               0           5
        4901   0.00000000       127950.000               5           5
        4902   0.00000000       129777.000               5           5
        4903   0.00000000       131586.000               5           5
        4904   0.00000000       133375.000               5           5
        4905   0.00000000       135146.000               5           5
        4906   0.00000000       136899.000               5           5
        4907   0.00000000       138635.000               5           5
        4908   0.00000000       140355.000               5           5
        4909   0.00000000       142058.000               5           5
        4910   0.00000000       143746.000               5           5
        4911   0.00000000       145419.000               5           5
        4912   0.00000000       147077.000               5           5
        4913   0.00000000       148721.000               5           5
        4914   0.00000000       150351.000               5           5
        4915   0.00000000       151967.000               5           5
        4916   0.00000000       153571.000               5           5
        4917   0.00000000       155161.000               5           5
        4918   0.00000000       156739.000               5           5
        4919   0.00000000       158305.000               5           5
        4920   1.00000000       159859.000               5           5
        4921   2.00000000       161402.000               5           5
        4922   4.00000000       162933.000               5           5
        4923   6.00000000       164453.000               5           5
        4924   8.00000000       165963.000               5           5
        4925   10.0000000       167462.000               5           5
        4926   12.0000000       168951.000               5           5
        4927   14.0000000       170429.000               5           5
        4928   15.0000000       171898.000               5           5
        4929   16.0000000       173358.000               5           5
        4930   20.0000000       174807.000               5           5
        4931   25.0000000       176248.000               5           5
        4932   30.0000000       177680.000               5           5
        4933   45.0000000       179103.000               5           5
        4934   120.000000       180517.000               5           5
        4935   0.00000000       181923.000               5           5
        4936   0.00000000       183320.000               5           5
        4937   0.00000000       184709.000               5           5
        4938   0.00000000       186091.000               5           5
        4939   0.00000000       187464.000               5           5
        4940   0.00000000       188830.000               5           5
        4941   0.00000000       190188.000               5           5
        4942   0.00000000       191539.000               5           5
        4943   0.00000000       124232.000              10           5
        4944   0.00000000       126102.000              10           5
        4945   0.00000000       127950.000              10           5
        4946   0.00000000       129777.000              10           5
        4947   0.00000000       131586.000              10           5
        4948   0.00000000       133375.000              10           5
        4949   0.00000000       135146.000              10           5
        4950   0.00000000       136899.000              10           5
        4951   0.00000000       138635.000              10           5
        4952   0.00000000       140355.000              10           5
        4953   0.00000000       142058.000              10           5
        4954   0.00000000       143746.000              10           5
        4955   0.00000000       145419.000              10           5
        4956   0.00000000       147077.000              10           5
        4957   0.00000000       148721.000              10           5
        4958   0.00000000       150351.000              10           5
        4959   0.00000000       151967.000              10           5
        4960   0.00000000       153571.000              10           5
        4961   0.00000000       155161.000              10           5
        4962   10.0000000       167462.000              10           5
        4963   12.0000000       168951.000              10           5
        4964   14.0000000       170429.000              10           5
        4965   15.0000000       171898.000              10           5
        4966   16.0000000       173358.000              10           5
        4967   20.0000000       174807.000              10           5
        4968   25.0000000       176248.000              10           5
        4969   30.0000000       177680.000              10           5
        4970   45.0000000       179103.000              10           5
        4971   120.000000       180517.000              10           5
        4972   0.00000000       181923.000              10           5
        4973   0.00000000       183320.000              10           5
        4974   0.00000000       184709.000              10           5
        4975   0.00000000       186091.000              10           5
        4976   0.00000000       187464.000              10           5
        4977   0.00000000       188830.000              10           5
        4978   0.00000000       190188.000              10           5
        4979   0.00000000       191539.000              10           5
        4980   0.00000000       192882.000              10           5
        5394   0.00000000       133375.000             -10          10
        5395   0.00000000       135146.000             -10          10
        5396   0.00000000       136899.000             -10          10
        5397   0.00000000       138635.000             -10          10
        5398   0.00000000       140355.000             -10          10
        5399   0.00000000       142058.000             -10          10
        5400   0.00000000       143746.000             -10          10
        5401   0.00000000       145419.000             -10          10
        5402   0.00000000       147077.000             -10          10
        5403   0.00000000       148721.000             -10          10
        5404   0.00000000       150351.000             -10          10
        5405   0.00000000       151967.000             -10          10
        5406   0.00000000       153571.000             -10          10
        5407   0.00000000       155161.000             -10          10
        5408   0.00000000       156739.000             -10          10
        5409   0.00000000       158305.000             -10          10
        5410   1.00000000       159859.000             -10          10
        5411   2.00000000       161402.000             -10          10
        5412   4.00000000       162933.000             -10          10
        5413   6.00000000       164453.000             -10          10
        5414   8.00000000       165963.000             -10          10
        5415   10.0000000       167462.000             -10          10
        5416   12.0000000       168951.000             -10          10
        5417   14.0000000       170429.000             -10          10
        5418   15.0000000       171898.000             -10          10
        5419   16.0000000       173358.000             -10          10
        5420   20.0000000       174807.000             -10          10
        5421   25.0000000       176248.000             -10          10
        5422   30.0000000       177680.000             -10          10
        5423   45.0000000       179103.000             -10          10
        5424   120.000000       180517.000             -10          10
        5425   0.00000000       181923.000             -10          10
        5426   0.00000000       183320.000             -10          10
        5427   0.00000000       184709.000             -10          10
        5428   0.00000000       186091.000             -10          10
        5429   0.00000000       187464.000             -10          10
        5430   0.00000000       188830.000             -10          10
        5431   0.00000000       190188.000             -10          10
        5432   0.00000000       129777.000              -5          10
        5433   0.00000000       131586.000              -5          10
        5434   0.00000000       133375.000              -5          10
        5435   0.00000000       135146.000              -5          10
        5436   0.00000000       136899.000              -5          10
        5437   0.00000000       138635.000              -5          10
        5438   0.00000000       140355.000              -5          10
        5439   0.00000000       142058.000              -5          10
        5440   0.00000000       143746.000              -5          10
        5441   0.00000000       145419.000              -5          10
        5442   0.00000000       147077.000              -5          10
        5443   0.00000000       148721.000              -5          10
        5444   0.00000000       150351.000              -5          10
        5445   0.00000000       151967.000              -5          10
        5446   0.00000000       153571.000              -5          10
        5447   0.00000000       155161.000              -5          10
        5448   0.00000000       156739.000              -5          10
        5449   0.00000000       158305.000              -5          10
        5450   1.00000000       159859.000              -5          10
        5451   2.00000000       161402.000              -5          10
        5452   4.00000000       162933.000              -5          10
        5453   6.00000000       164453.000              -5          10
        5454   8.00000000       165963.000              -5          10
        5455   10.0000000       167462.000              -5          10
        5456   12.0000000       168951.000              -5          10
        5457   14.0000000       170429.000              -5          10
        5458   15.0000000       171898.000              -5          10
        5459   16.0000000       173358.000              -5          10
        5460   20.0000000       174807.000              -5          10
        5461   25.0000000       176248.000              -5          10
        5462   30.0000000       177680.000              -5          10
        5463   45.0000000       179103.000              -5          10
        5464   120.000000       180517.000              -5          10
        5465   0.00000000       181923.000              -5          10
        5466   0.00000000       183320.000              -5          10
        5467   0.00000000       184709.000              -5          10
        5468   0.00000000       186091.000              -5          10
        5469   0.00000000       187464.000              -5          10
        5470   0.00000000       188830.000              -5          10
        5471   0.00000000       190188.000              -5          10
        5472   0.00000000       191539.000              -5          10
        5473   0.00000000       126102.000               0          10
        5474   0.00000000       127950.000               0          10
        5475   0.00000000       129777.000               0          10
        5476   0.00000000       131586.000               0          10
        5477   0.00000000       133375.000               0          10
        5478   0.00000000       135146.000               0          10
        5479   0.00000000       136899.000               0          10
        5480   0.00000000       138635.000               0          10
        5481   0.00000000       140355.000               0          10
        5482   0.00000000       142058.000               0          10
        5483   0.00000000       143746.000               0          10
        5484   0.00000000       145419.000               0          10
        5485   0.00000000       147077.000               0          10
        5486   0.00000000       148721.000               0          10
        5487   0.00000000       150351.000               0          10
        5488   0.00000000       151967.000               0          10
        5489   0.00000000       153571.000               0          10
        5490   0.00000000       155161.000               0          10
        5491   0.00000000       156739.000               0          10
        5492   0.00000000       158305.000               0          10
        5493   1.00000000       159859.000               0          10
        5494   2.00000000       161402.000               0          10
        5495   4.00000000       162933.000               0          10
        5496   6.00000000       164453.000               0          10
        5497   8.00000000       165963.000               0          10
        5498   10.0000000       167462.000               0          10
        5499   12.0000000       168951.000               0          10
        5500   14.0000000       170429.000               0          10
        5501   15.0000000       171898.000               0          10
        5502   16.0000000       173358.000               0          10
        5503   20.0000000       174807.000               0          10
        5504   25.0000000       176248.000               0          10
        5505   30.0000000       177680.000               0          10
        5506   45.0000000       179103.000               0          10
        5507   120.000000       180517.000               0          10
        5508   0.00000000       181923.000               0          10
        5509   0.00000000       183320.000               0          10
        5510   0.00000000       184709.000               0          10
        5511   0.00000000       186091.000               0          10
        5512   0.00000000       187464.000               0          10
        5513   0.00000000       188830.000               0          10
        5514   0.00000000       190188.000               0          10
        5515   0.00000000       127950.000               5          10
        5516   0.00000000       129777.000               5          10
        5517   0.00000000       131586.000               5          10
        5518   0.00000000       133375.000               5          10
        5519   0.00000000       135146.000               5          10
        5520   0.00000000       136899.000               5          10
        5521   0.00000000       138635.000               5          10
        5522   0.00000000       140355.000               5          10
        5523   0.00000000       142058.000               5          10
        5524   0.00000000       143746.000               5          10
        5525   0.00000000       145419.000               5          10
        5526   0.00000000       147077.000               5          10
        5527   0.00000000       148721.000               5          10
        5528   0.00000000       150351.000               5          10
        5529   0.00000000       151967.000               5          10
        5530   0.00000000       153571.000               5          10
        5531   0.00000000       155161.000               5          10
        5532   0.00000000       156739.000               5          10
        5533   0.00000000       158305.000               5          10
        5534   1.00000000       159859.000               5          10
        5535   2.00000000       161402.000               5          10
        5536   4.00000000       162933.000               5          10
        5537   6.00000000       164453.000               5          10
        5538   8.00000000       165963.000               5          10
        5539   10.0000000       167462.000               5          10
        5540   12.0000000       168951.000               5          10
        5541   14.0000000       170429.000               5          10
        5542   15.0000000       171898.000               5          10
        5543   16.0000000       173358.000               5          10
        5544   20.0000000       174807.000               5          10
        5545   25.0000000       176248.000               5          10
        5546   30.0000000       177680.000               5          10
        5547   45.0000000       179103.000               5          10
        5548   120.000000       180517.000               5          10
        5549   0.00000000       181923.000               5          10
        5550   0.00000000       183320.000               5          10
        5551   0.00000000       184709.000               5          10
        5552   0.00000000       186091.000               5          10
        5553   0.00000000       187464.000               5          10
        5554   0.00000000       188830.000               5          10
        5555   0.00000000       190188.000               5          10
        5556   0.00000000       191539.000               5          10
        5557   0.00000000       126102.000              10          10
        5558   0.00000000       127950.000              10          10
        5559   0.00000000       129777.000              10          10
        5560   0.00000000       131586.000              10          10
        5561   0.00000000       133375.000              10          10
        5562   0.00000000       135146.000              10          10
        5563   0.00000000       136899.000              10          10
        5564   0.00000000       138635.000              10          10
        5565   0.00000000       140355.000              10          10
        5566   0.00000000       142058.000              10          10
        5567   0.00000000       143746.000              10          10
        5568   0.00000000       145419.000              10          10
        5569   0.00000000       147077.000              10          10
        5570   0.00000000       148721.000              10          10
        5571   0.00000000       150351.000              10          10
        5572   0.00000000       151967.000              10          10
        5573   0.00000000       153571.000              10          10
        5574   0.00000000       155161.000              10          10
        5575   0.00000000       156739.000              10          10
        5576   10.0000000       167462.000              10          10
        5577   12.0000000       168951.000              10          10
        5578   14.0000000       170429.000              10          10
        5579   15.0000000       171898.000              10          10
        5580   16.0000000       173358.000              10          10
        5581   20.0000000       174807.000              10          10
        5582   25.0000000       176248.000              10          10
        5583   30.0000000       177680.000              10          10
        5584   45.0000000       179103.000              10          10
        5585   120.000000       180517.000              10          10
        5586   0.00000000       181923.000              10          10
        5587   0.00000000       183320.000              10          10
        5588   0.00000000       184709.000              10          10
        5589   0.00000000       186091.000              10          10
        5590   0.00000000       187464.000              10          10
        5591   0.00000000       188830.000              10          10
        5592   0.00000000       190188.000              10          10
        5593   0.00000000       191539.000              10          10
        5594   0.00000000       192882.000              10          10
        5595   0.00000000       194218.000              10          10
